1618543141404,3.8833520962112775,3.89665439392334,0.013726782226228619,70.82504640419354,3.93,3.927,3.9533355297845887,3.9107825048832803,CRVUSDT,trendrsi
1618543200482,111.94162275620951,110.45356547062553,0.6592360450391053,71.33326092769326,112.949,112.384,114.06970127656648,112.02606953694526,ZENUSDT,trendrsi
CRVUSDT True
1618543620518,1.07963532431331,1.0862861016827088,0.007259492893655225,72.24323629969399,1.1138,1.112,1.1261411379192139,1.1036367099488826,FLMUSDT,trendrsi
FLMUSDT True
1618543740207,111.65794357376197,110.65215952564265,0.6732612094987594,70.69837543963826,114.549,114.135,115.6935440561479,113.60643430670174,ZENUSDT,trendrsi
1618543860094,111.67373290890087,110.63751127294246,0.7523689041449197,73.20150358725441,115.034,114.682,116.31302713704638,113.98068353419711,ZENUSDT,trendrsi
1618544040012,921.436151735644,903.1584566379008,8.027996484812352,71.58710293431665,964.81,956.23,978.4575940241809,953.5708049212626,BCHUSDT,trendrsi
ZENUSDT True
1618544100016,111.82698702766194,110.62456824138704,0.8574918584866886,76.44564572962713,116.215,114.997,117.67273615942737,115.01451139811864,ZENUSDT,trendrsi
1618544160521,3.9002581593626315,3.8836529531253747,0.02581984313570699,74.90336402090699,4.006,3.983,4.049893733330702,3.9698522196100106,CRVUSDT,trendrsi
1618544160271,0.04324233186561929,0.0390078847924812,0.00015789658985134323,73.45672159685915,0.04321,0.04266,0.04347842420274728,0.042988944774208115,COSUSDT,trendrsi
1618544220001,7.088385407586542,7.02605318799104,0.02823014715069513,74.3906833476625,7.26,7.2363,7.3079912501561815,7.220477793989026,XTZUSDT,trendrsi
ZENUSDT False
1618544340463,344.4523501365649,336.82683798756955,0.9898910914482082,73.30227283606408,350.42,347.74,352.102814855462,349.0341524719725,DASHUSDT,trendrsi
1618544340493,257.71887024470317,254.84751454951987,1.0688435007160069,75.5075806713657,265.9,262.79,267.71703395121716,264.4036190989976,ZECUSDT,trendrsi
DASHUSDT True
1618544401124,2.086795767394096,2.0999783403877523,0.01231794257793013,70.99906614350782,2.1353,2.1258,2.1562405023824813,2.118054880390898,ONTUSDT,trendrsi
1618544460139,0.38335309558849373,0.37298242660982883,0.0012219587728175075,70.96134928285726,0.38849,0.38716,0.3905673299137898,0.3867792577180555,COTIUSDT,trendrsi
1618544460499,3.9091507231936466,3.8830848672923413,0.020366709430345114,73.93531539241128,4.043,4.025,4.077623406031587,4.014486606797517,CRVUSDT,trendrsi
1618544460461,258.0293578854927,254.89555342574297,1.340800888342157,75.37839604669935,267.33,265.07,269.60936151018166,265.45287875632096,ZECUSDT,trendrsi
ONTUSDT True
1618544823251,0.04286678034915086,0.039275153858819224,0.00033141070269568785,70.25725777964915,0.04407,0.04387,0.04463339819458267,0.043606025016226034,COSUSDT,trendrsi
1618544880001,112.79623093978805,110.68874777905656,1.2075525170543033,71.04014906812333,117.986,117.06,120.03883927899231,116.29542647612398,ZENUSDT,trendrsi
1618544880080,27.68744859954718,27.847047108951443,0.054135403218747394,71.00615950362487,27.9538,27.8791,28.04583018547187,27.878010435493756,SOLUSDT,trendrsi
1618544880150,1.253615952857688,1.2775826845048242,0.004808683933790863,75.82145763607781,1.2793,1.276,1.2874747626874445,1.272567842492693,MANAUSDT,trendrsi
1618545006392,78.66303605376933,78.74769488854824,0.1995055191363853,71.21030117587097,79.883,79.64,80.22215938253186,79.60369227320906,TRBUSDT,trendrsi
1618545060045,2.2065454318044546,2.2052860431336514,0.026228574992910317,74.36782829189306,2.3381,2.3152,2.3826885774879476,2.3013799950099254,IOTAUSDT,trendrsi
1618545060030,2.1029005164300685,2.099530178833184,0.010723615835652149,71.17314801202077,2.1657,2.1548,2.1839301469206087,2.1506869378300872,ONTUSDT,trendrsi
1618545060091,3618.5330959652574,3688.1980312708056,12.158039258953643,70.25010073402561,3690.35,3663.51,3711.0186667402213,3673.3287450374646,MKRUSDT,trendrsi
COSUSDT False
1618545120013,27.7249741436613,27.845732947784622,0.05736801977010429,71.74691695338005,27.9966,27.9352,28.094125633609178,27.916284772321855,SOLUSDT,trendrsi
1618545180268,2.2121658582520976,2.2057486757350464,0.024193375339751175,72.51800127815511,2.3424,2.3319,2.383528738077577,2.308529274524348,IOTAUSDT,trendrsi
1618545240074,2.108152150242731,2.0995434669617334,0.010345018447923234,71.0467780261148,2.1682,2.1644,2.1857865313614697,2.1537169741729074,ONTUSDT,trendrsi
1618545240703,113.5325340977916,110.82234223762089,1.255565074741272,70.25144887089625,118.652,118.454,120.78646062706017,116.89420889536223,ZENUSDT,trendrsi
SOLUSDT False
1618545540064,32.67408456246458,31.095683082954878,0.22384711716747238,71.78247011956216,32.9016,32.7567,33.28214009918471,32.58821403596554,ETCUSDT,trendrsi
1618545541375,114.3319780159506,111.0057846380137,1.0674237045055783,71.17698811703673,119.397,119.223,121.2116202976595,117.9026068136922,ZENUSDT,trendrsi
1618545601783,349.2672064897479,339.7253543421039,2.289254661393077,71.84979379292847,358.4,357.61,362.2917329243682,355.19504347404967,DASHUSDT,trendrsi
ZENUSDT False
1618545840054,32.611941028696194,31.195650668456924,0.17850220885966597,74.53847332541491,33.1078,32.9043,33.41125375506143,32.85789690759646,ETCUSDT,trendrsi
ETCUSDT False
1618546080008,4.115355172655319,3.9052199279261766,0.06740079327755387,75.47740302365575,4.551,4.445,4.665581348571842,4.456638889411424,CRVUSDT,trendrsi
1618546260576,116.24051248912915,111.49359703843504,0.9543605616502779,76.38470663516838,121.839,120.161,123.46141295480547,120.50289521368961,ZENUSDT,trendrsi
ZENUSDT True
1618546380020,4.172047619323194,3.914543295649733,0.06834839217610886,70.2360679587627,4.59,4.523,4.706192266699385,4.494312250953447,CRVUSDT,trendrsi
1618546560251,4.206895354953032,3.9208256358790132,0.0687748452133784,71.21224912907371,4.608,4.581,4.724917236862743,4.51171521670127,CRVUSDT,trendrsi
1618546620033,558.4465573570074,560.4328774711731,1.677689460725285,73.29645664108456,562.82,558.14,565.672072083233,560.4712347549846,COMPUSDT,trendrsi
1618546621004,27.860882899283496,27.790649150786212,0.085394332099862,70.10766971857075,28.0401,27.9663,28.185270364569764,27.920547935060192,SOLUSDT,trendrsi
1618546625868,28.385524656423776,28.52172625438167,0.05452194938663432,81.70175195081214,28.653,28.523,28.745687313957276,28.576669270858712,UMAUSDT,trendrsi
COMPUSDT False
1618546742242,558.6146055848432,560.2677066886222,1.941589923167857,71.72066740453981,563.11,561.76,566.4107028693853,560.391774107565,COMPUSDT,trendrsi
1618546801406,1.5537390871998533,1.5475398496532626,0.0048365281048419004,72.96359656700207,1.5694,1.5596,1.5776220977782311,1.5626288606532213,ALGOUSDT,trendrsi
1618546920047,2.1516929409216297,2.101294473385611,0.01279784662309152,71.93354702634194,2.1901,2.1782,2.211856339259256,2.172183014727672,ONTUSDT,trendrsi
1618546921008,27.89015604075609,27.78468874391348,0.07616633990460145,71.8229686245921,28.1075,28.0555,28.236982777837824,28.00086712413356,SOLUSDT,trendrsi
1618546921722,0.4441462208476492,0.442683644070209,0.0016353398583573789,70.87239447598466,0.44691,0.44621,0.4496900777592075,0.44462052419829967,MATICUSDT,trendrsi
CRVUSDT False
1618547100894,0.44442162202279106,0.4421545216706386,0.0015270643366075436,70.08325578588052,0.44723,0.44688,0.4498260093722328,0.4450921099287495,MATICUSDT,trendrsi
1618547222504,71.83191194255375,71.96784682809906,0.2380188686383595,70.23297393544794,71.996,71.944,72.40063207668521,71.66277358390629,WNXMUSDT,trendrsi
1618547400858,0.4449350302018116,0.44168636768114866,0.0016705666784067787,71.25733622600052,0.44863,0.44771,0.4514699633532915,0.4462912066502305,MATICUSDT,trendrsi
1618547583384,1.111236441165606,1.1161117343940523,0.0027811857609365237,70.00692883723768,1.119,1.1172,1.123728015793592,1.1151063399346888,RENUSDT,trendrsi
COMPUSDT False
MATICUSDT False
1618548840760,88.4105292344219,89.740218750237,1.0326811682501202,75.43301250363689,89.936,88.961,91.69155798602522,88.49024636444985,XVSUSDT,trendrsi
1618548900040,0.04276834216507002,0.041415112847321696,0.0003655110204227012,70.47370822825468,0.04314,0.04275,0.043761368734718586,0.042628284571408215,COSUSDT,trendrsi
XVSUSDT False
COSUSDT False
1618559520334,1.2152767697921467,1.2281418519816139,0.0031092993777766887,73.00559089733176,1.23975,1.23333,1.2450358089422202,1.2353969808711125,MANAUSDT,trendrsi
MANAUSDT True
1618559880767,29.504240960887774,30.032638686170415,0.11587445127120767,71.94930781596025,30.0543,29.9873,30.251286567161053,29.89207576822031,ETCUSDT,trendrsi
ETCUSDT False
1618560060946,117.08377665138339,119.19114471492662,0.5124902998657321,79.0735058112082,119.28,118.99,120.15123350977174,118.56251358018798,ZENUSDT,trendrsi
1618560120048,29.55238095680408,30.00709977680215,0.1179807992752771,70.2705097659917,30.1832,30.0563,30.38376735876797,30.018026881014613,ETCUSDT,trendrsi
1618560300681,117.11329012621044,119.24897628439918,0.517635810957574,71.90660628713509,119.5,119.252,120.37998087862788,118.77530986465939,ZENUSDT,trendrsi
1618560600134,117.29110180016298,119.36047324190491,0.5038468760410383,74.86937597985671,120.21,119.476,121.06653968926976,119.50461437354254,ZENUSDT,trendrsi
1618560600178,0.16212848114570128,0.16103512036625972,0.0004437514430897656,70.45412761944829,0.16384,0.1637,0.16459437745325262,0.16321874797967434,JSTUSDT,trendrsi
1618560602524,1.0595674282737202,1.0697606121077115,0.004605927375467383,71.3642635293019,1.0737,1.0707,1.0815300765382947,1.0672517016743457,FLMUSDT,trendrsi
1618560660769,86.64693933938497,86.44041580866966,0.4182104938291256,70.94456044331147,87.804,87.387,88.51495783950952,87.21850530863922,XVSUSDT,trendrsi
ZENUSDT True
JSTUSDT True
1618560780018,29.71482095497376,29.962806497650263,0.1953861741674526,71.24299097094195,30.4097,30.3122,30.74185649608467,30.136159356165567,ETCUSDT,trendrsi
1618560840585,3481.8369111700927,3488.605088383868,15.531344426917352,72.28624611889035,3506.12,3496.9,3532.5232855257595,3484.3761178023155,MKRUSDT,trendrsi
ETCUSDT False
1618560960844,1.2321941341828229,1.2280757285232813,0.006193970617049653,76.84825305321124,1.25616,1.24851,1.2666897500489844,1.2474884411361304,MANAUSDT,trendrsi
1618561022466,86.97408927775606,86.32795048570497,0.41652935621013104,71.92588369236893,88.104,87.86,88.81209990555722,87.52085890130581,XVSUSDT,trendrsi
1618561082557,117.85447944370783,119.49385472586948,0.6960251112282216,72.5840922972203,121.647,121.16,122.83024268908798,120.6725648442805,ZENUSDT,trendrsi
1618561140187,29.852349424915808,29.969575711716374,0.2027089060422984,72.89595524946472,30.6781,30.4585,31.022705140271906,30.394307531540782,ETCUSDT,trendrsi
ETCUSDT True
1618561320065,29.909790435066775,29.988922245722712,0.21222865007436154,78.8615211386462,30.9971,30.6229,31.357888705126413,30.699979889895893,ETCUSDT,trendrsi
ETCUSDT True
1618561500448,3491.4853355310415,3489.6894591681075,11.677954057989442,72.34678145153659,3521.85,3515.42,3541.702521898582,3505.500864318815,MKRUSDT,trendrsi
1618561502480,17.300835483086814,17.405087571177177,0.04348607591529728,72.43695191755243,17.419,17.371,17.492926329056004,17.358119493718583,QTUMUSDT,trendrsi
MKRUSDT True
QTUMUSDT True
1618561622181,118.6692977129287,119.67512830158091,0.731169096807534,70.2367985514278,122.357,121.771,123.5999874645728,121.33336326446945,ZENUSDT,trendrsi
1618561921692,17.327872566903185,17.392370112544057,0.059097980671270395,71.1483941863022,17.59,17.543,17.690466567141158,17.50726282706022,QTUMUSDT,trendrsi
QTUMUSDT False
ZENUSDT False
1618562160092,3497.861158088468,3487.5734640889805,10.805950887085135,80.41002078815826,3560.01,3538.36,3578.380116508045,3544.881668758081,MKRUSDT,trendrsi
1618562760063,0.17438530461467092,0.16880611287415187,0.000902171916902916,74.09502370069917,0.177934,0.176954,0.17946769225873496,0.17667095931633592,ANKRUSDT,trendrsi
1618562760643,0.661161025904962,0.6468754553034244,0.0021626004566335333,71.89739230092702,0.6697,0.6676,0.673376420776277,0.666672359360713,UTKUSDT,trendrsi
1618562940162,4.141192555339625,4.196832908901161,0.018676449305899782,73.59745503356264,4.204,4.186,4.235749963820029,4.17785297097174,CRVUSDT,trendrsi
1618562940319,0.10118787975014061,0.09644113664026033,0.0007870577388150322,70.55171908370392,0.10473,0.10457,0.10606799815598555,0.10362811916565896,RSRUSDT,trendrsi
1618563180554,4.1501488169770475,4.191456859573708,0.017850131592098466,72.28036274921597,4.226,4.195,4.2563452237065675,4.201009815771062,CRVUSDT,trendrsi
RSRUSDT False
CRVUSDT True
@65 rsi ==============================================================================================================
1618563360119,4.159691385457735,4.188818749006168,0.02012811989503031,71.78968939852344,4.234,4.216,4.2682178038215515,4.205820632146957,CRVUSDT,trendrsi
1618563420005,916.1771148142047,911.229737168831,4.262611663317607,68.63739416957978,928.31,923.88,935.9827009939717,922.768604837687,BCHUSDT,trendrsi
1618563900080,30.887277254928726,30.032242738217064,0.2241653422967211,68.57331021124071,31.4739,31.3896,31.877397616134097,31.18248505501426,ETCUSDT,trendrsi
1618564020467,2.305955604580777,2.281643653605644,0.007726124533368248,69.36537214642776,2.3153,2.3082,2.329207024160063,2.3052560381066214,IOTAUSDT,trendrsi
IOTAUSDT False
1618564741816,0.6615977112491092,0.6539983569186489,0.003515986626126867,76.86163431374919,0.674,0.6675,0.6803287759270285,0.6697808160486478,UTKUSDT,trendrsi
1618566900446,2.3148774176280877,2.2892048689845454,0.008956113688672046,68.14276158585031,2.3429,2.3325,2.35902100463961,2.3321526635735936,IOTAUSDT,trendrsi
1618567143101,84.34131848535847,85.81592252804816,0.4335421079223539,85.87854133661911,86.435,85.789,87.21537579426024,85.91474947049318,XVSUSDT,trendrsi
1618567207572,70.30462412972895,70.81381306806989,0.19733448756401556,76.8675298374282,70.962,70.718,71.31720207761524,70.72519861492319,WNXMUSDT,trendrsi
1618567441438,2.3215400763097804,2.2932905172054023,0.010917322068489582,66.51762413097445,2.3577,2.349,2.377351179723281,2.3445992135178124,IOTAUSDT,trendrsi
1618567500038,30.34515294309101,30.11935150725691,0.18350107327034185,67.26339449342126,30.5525,30.392,30.882801931886615,30.332298712075588,ETCUSDT,trendrsi
1618567501493,7.1718995283731,7.198150846918588,0.03130891073000772,65.96651364429697,7.1996,7.1857,7.255956039314015,7.162029307123991,XTZUSDT,trendrsi
1618567620280,899.6505937539822,905.7509288044649,2.9310428607419974,68.72513156978867,906.32,904.49,911.5958771493356,902.8027485671097,BCHUSDT,trendrsi
1618567627515,0.6623212862476145,0.6562090606089833,0.003961272876391391,69.51376807122477,0.664,0.6601,0.6711302911775046,0.6592464725483304,UTKUSDT,trendrsi
1618567687515,70.30814900893219,70.79748039423937,0.24284101794451124,68.44354355426145,70.908,70.811,71.34511383230011,70.61659077846659,WNXMUSDT,trendrsi
1618567742575,0.10088857630388327,0.09987706618664378,0.0006181412130136048,66.1336971682405,0.10136,0.10103,0.1024726541834245,0.10061823054438368,RSRUSDT,trendrsi
1618567801984,2.3298270395376504,2.2961285277193575,0.012146102860428136,65.99644930797808,2.3771,2.369,2.3989629851487706,2.362524676567486,IOTAUSDT,trendrsi
RSRUSDT True
1618567860219,1.245783677513149,1.2582920416332541,0.004303245097843922,82.74837738311695,1.2731,1.2563,1.280845841176119,1.267936105882587,ONGUSDT,trendrsi
ONGUSDT False
1618567921332,0.6602718305843462,0.6560101891798016,0.003782096436532493,65.71410365468459,0.6644,0.6629,0.6712077735857584,0.659861484276161,UTKUSDT,trendrsi
1618568040051,30.31791275085864,30.153385178283497,0.196050841134337,69.05930049567952,30.9165,30.7695,31.269391514041807,30.681238990638796,ETCUSDT,trendrsi
1618568040333,2.333549500510707,2.298006934860198,0.014543724755636001,66.57067490541002,2.384,2.3815,2.4101787045601446,2.3665475302932366,IOTAUSDT,trendrsi
1618568100376,898.4976079097821,905.8702480312324,3.128841703678358,68.71935669802241,909.12,907.69,914.751915066621,905.365389955586,BCHUSDT,trendrsi
1618568103757,3.9990082285947723,4.113392638141068,0.023323168162617702,80.01169897062306,4.12,4.108,4.161981702692712,4.092012198204859,CRVUSDT,trendrsi
1618568100696,0.36575828083962114,0.3720548263618265,0.001513494953375689,78.95502688689538,0.37262,0.37149,0.37534429091607624,0.3708038060559492,COTIUSDT,trendrsi
1618568164409,84.58057297799954,85.93568446996991,0.2716388612463419,65.16829779250082,86.656,86.6,87.14494995024342,86.3300333665044,XVSUSDT,trendrsi
1618568220372,332.60150730966075,337.2116426471292,1.0585839909939727,78.95955956242152,337.23,336.96,339.13545118378914,335.95969921080723,DASHUSDT,trendrsi
IOTAUSDT False
COTIUSDT False
1618568520430,0.10065808052462329,0.10038096138698288,0.0007148617720723898,70.62094517393538,0.10365,0.10301,0.10493675118973031,0.10279216587351314,RSRUSDT,trendrsi
1618568760150,0.10070247724135126,0.10056428390227715,0.0006818245978724253,67.54220549393833,0.10381,0.10351,0.10503728427617036,0.10299181048255308,RSRUSDT,trendrsi
1618568820005,30.329473604607482,30.22580519331854,0.13245484605051402,66.80109131437612,31.0053,30.881,31.243718722890925,30.846354184739383,ETCUSDT,trendrsi
1618568880090,7.162171949007101,7.224255080865276,0.02659163567091074,70.11795120019327,7.3109,7.2856,7.35876494420764,7.278990037194907,XTZUSDT,trendrsi
1618568880386,0.3670279612974312,0.371614112292101,0.0013006213722305902,65.462210601919,0.373,0.37225,0.37534111847001506,0.3714392543533233,COTIUSDT,trendrsi
1618568942759,1.2492091735123698,1.26108187389119,0.004216505159975853,73.23267539809504,1.2701,1.263,1.2776897092879564,1.265040193808029,ONGUSDT,trendrsi
1618569000126,2.0793412172986825,2.1057067435165235,0.006675013653969016,70.36344493244849,2.1084,2.1051,2.1204150245771443,2.100389983615237,ONTUSDT,trendrsi
XTZUSDT False
COTIUSDT False
1618570260592,85.91885528982769,86.09454047009532,0.5065161256147057,78.40083557985729,86.678,85.375,87.58972902610647,86.07018064926235,XVSUSDT,trendrsi
1618572540278,85.20274211342891,85.70044648814098,0.5199087015967065,77.7165988794148,86.347,84.865,87.28283566287406,85.72310955808395,XVSUSDT,trendrsi
1618572600386,1.2421522151529985,1.2565067541045216,0.008605983087376416,83.12050059689497,1.2739,1.2473,1.2893907695572775,1.2635728202951484,ONGUSDT,trendrsi
1618572784026,1.2419994926462856,1.2562047516966448,0.011284595565509804,70.27657028414039,1.2767,1.2492,1.2970122720179176,1.2631584853213882,ONGUSDT,trendrsi
ONGUSDT True
1618573020018,566.3876354492139,577.4184061555693,3.046127504324099,75.68138959000574,577.79,576.84,583.2730295077833,574.1346469948111,COMPUSDT,trendrsi
COMPUSDT True
1618573200744,85.40260391243287,85.50834440824227,0.6548740061391811,66.97836439389297,86.137,85.957,87.31577321105053,85.35115119263298,XVSUSDT,trendrsi
1618573507545,85.25248009599287,85.44196908143108,0.32893168142038176,67.72509348347793,86.531,86.299,87.12307702655669,86.13628198229554,XVSUSDT,trendrsi
1618573680297,3.960281112295056,4.06376475658767,0.02867839352028176,74.90054899853456,4.075,4.05,4.126621108336507,4.040585927775662,CRVUSDT,trendrsi
1618573680492,0.1650742483802568,0.17022811637920598,0.0011698032164246693,68.82928379468223,0.170818,0.169192,0.1729236457895644,0.1694142361402904,ANKRUSDT,trendrsi
1618573680400,85.24037863708747,85.40271744653941,0.3110206386530264,66.62919095600384,86.559,86.489,87.11883714957544,86.18577523361637,XVSUSDT,trendrsi
ANKRUSDT False
1618573982196,85.28629599434859,85.34756032432588,0.36369135629839877,69.33366168348633,86.718,86.451,87.37264444133712,86.28157037244192,XVSUSDT,trendrsi
XVSUSDT True
1618574100352,0.16555233509822517,0.16990154842740354,0.0011902858667105607,67.70405539700428,0.171865,0.171034,0.174007514560079,0.1704366569599473,ANKRUSDT,trendrsi
ANKRUSDT False
1618574341039,242.54798230427352,246.21854636942362,0.42086856888962265,79.1400091679913,246.38,245.92,247.1375634240013,245.87495771733245,ZECUSDT,trendrsi
ZECUSDT False
1618574640015,573.5950896255672,575.2911256920377,2.857246009956148,68.04960430740249,590.7,590.22,595.8430428179211,587.2713047880527,COMPUSDT,trendrsi
1618574640168,0.16685470767900212,0.16953247411972838,0.0009993367944393162,66.79522931778388,0.172387,0.171464,0.17418580622999078,0.17118779584667285,ANKRUSDT,trendrsi
1618574640120,242.8821504717668,245.99649321270778,0.44893840193809653,65.82105151572543,246.21,245.74,247.01808912348858,245.67127391767428,ZECUSDT,trendrsi
1618574640446,0.41564078566041296,0.42310479184559785,0.001322961275213899,65.2927541977829,0.42337,0.42243,0.42575133029538503,0.42178244646974333,MATICUSDT,trendrsi
1618574700088,1.2525300280695646,1.2538946892141114,0.007864517194267936,66.37818816383009,1.2883,1.2822,1.3024561309496823,1.2788625793668784,ONGUSDT,trendrsi
COMPUSDT True
1618574761248,0.4159678199789012,0.4228813218201327,0.0014796437092331272,69.46490758446576,0.42463,0.4226,0.42729335867661966,0.4228544275489203,MATICUSDT,trendrsi
ZECUSDT False
1618574823718,0.6344401187553006,0.6525081449904233,0.0028885819740388386,80.42160111573652,0.6543,0.6517,0.65949944755327,0.6508337016311534,UTKUSDT,trendrsi
UTKUSDT False
1618574880669,0.41643896544780734,0.4226800215930896,0.0014690927804529123,68.18066966340632,0.42526,0.42375,0.42790436700481527,0.42349708866345653,MATICUSDT,trendrsi
MATICUSDT True
1618576080061,329.3208436057739,332.06193445267047,0.8852927437891378,68.21441657442911,332.16,331.71,333.75352693882047,331.09764870745306,DASHUSDT,trendrsi
1618576140683,889.5646819038875,894.420780359266,3.2030066578949232,65.22935330146123,894.44,892.27,900.205411984211,890.5963920105262,BCHUSDT,trendrsi
DASHUSDT True
1618576200173,1.051625501073997,1.0579879115686415,0.0024792688717087275,68.07515744737788,1.06081,1.05925,1.0652726839690758,1.0578348773539497,RENUSDT,trendrsi
1618576202621,86.17917018953668,85.2413445860272,0.31473748586310357,65.363138455896,86.126,86.007,86.69252747455359,85.74831501696428,XVSUSDT,trendrsi
1618576202480,244.99994523417854,244.98532063048492,0.4174857087757592,67.66340359884957,245.7,245.26,246.45147427579636,245.19901714946909,ZECUSDT,trendrsi
RENUSDT True
1618576320065,2.0517235999163335,2.0671713751177676,0.007223482410461915,70.05009421528187,2.069,2.065,2.0820022683388313,2.0603318211074457,ONTUSDT,trendrsi
1618576327514,12.362371023531132,12.423726937981103,0.02282816582947987,66.25292667845096,12.453,12.436,12.494090698493062,12.425606201004623,FIROUSDT,trendrsi
1618576380056,0.1485016827055462,0.14913491542693955,0.0006168705449436885,68.00503599969507,0.14959,0.1489,0.15070036698089864,0.14884975534606756,TRXUSDT,trendrsi
1618576387523,0.15760846631870498,0.15848585941646165,0.0004050265024033574,67.87642907758053,0.15851,0.15825,0.15923904770432606,0.15802396819711598,JSTUSDT,trendrsi
BCHUSDT True
1618576440222,1.286141299565021,1.2558279591840806,0.017114416212623218,65.54290950075,1.3451,1.3404,1.3759059491827217,1.3245627005448521,ONGUSDT,trendrsi
1618576443277,9.284268172169336,9.33300271748952,0.0230408327865947,76.13099919632586,9.344,9.3418,9.38547349901587,9.316351000656086,OMGUSDT,trendrsi
ONTUSDT True
1618576620300,2.2800635618013674,2.307305148011666,0.007128902943691798,73.73356046592905,2.3077,2.303,2.3205320252986454,2.29914531646757,IOTAUSDT,trendrsi
1618576681238,1.1708659355458972,1.1808663941122544,0.003809459688779714,71.7424499006554,1.18235,1.17944,1.1892070274398034,1.1777786483734645,MANAUSDT,trendrsi
1618576801651,2.0559412512179334,2.066193849413936,0.007186335795941924,70.51395896009251,2.0832,2.0748,2.0961354044326956,2.07457639704487,ONTUSDT,trendrsi
1618576800696,1.2921955713107256,1.2580772491486463,0.018649668994280624,68.75393481633347,1.3646,1.3462,1.3981694041897053,1.3422203972068634,ONGUSDT,trendrsi
1618576802164,9.291515369179805,9.328184666672408,0.020539698521893496,68.07053747517307,9.354,9.3367,9.390971457339408,9.329352361773728,OMGUSDT,trendrsi
ONGUSDT True
1618576860748,20.89074090357453,21.058757568300624,0.048024698021498516,71.9364462458048,21.065,21.062,21.1514444564387,21.007370362374203,SNXUSDT,trendrsi
1618576862281,245.37860906468592,244.81377378028935,0.43619703421952855,69.98266685664397,247.17,246.68,247.95515466159515,246.64656355893655,ZECUSDT,trendrsi
1618576920751,4.017922152044816,4.0139293927316135,0.016055699202932,68.23451751982084,4.029,4.009,4.057900258565278,4.009733160956482,CRVUSDT,trendrsi
1618577100182,20.90042720172774,21.042779857732924,0.042047058058491196,68.55583077838122,21.095,21.039,21.170684704505284,21.04454353032981,SNXUSDT,trendrsi
IOTAUSDT True
1618577162366,1.303269247169986,1.2605328882334252,0.015388262775429536,65.24946465760897,1.3843,1.3722,1.4119988729957733,1.3658340846694847,ONGUSDT,trendrsi
1618577220394,29.835676962087902,30.358134215597108,0.1496306371281833,67.38607992103763,30.4532,30.2801,30.72253514683073,30.27364323544618,ETCUSDT,trendrsi
ONGUSDT False
1618577460317,1.0007683697671155,1.0133747910028887,0.004670118385834997,69.98519766788237,1.0191,1.0125,1.027506213094503,1.013495857936998,FLMUSDT,trendrsi
1618577460864,7.05237361970312,7.104143719418025,0.02145097307307742,66.70552926055299,7.1214,7.0895,7.16001175153154,7.095658832312307,XTZUSDT,trendrsi
1618577522130,1.172852226561115,1.17658906815887,0.004445230176359824,70.85065480911427,1.19,1.1863,1.1980014143174476,1.1846657237883682,MANAUSDT,trendrsi
1618577580396,16.59592016929683,16.699147749703734,0.0576408454664443,71.19563033713393,16.752,16.671,16.8557535218396,16.682830985440265,QTUMUSDT,trendrsi
1618577580025,0.17319310114608863,0.16816094041369894,0.0010643292177330093,71.93831165804988,0.177882,0.17677,0.17979779259191944,0.1766048049387204,ANKRUSDT,trendrsi
1618577641300,85.88944263707484,85.4474002682805,0.334607869933368,68.55839388844906,86.495,86.457,87.09729416588007,86.09347055607996,XVSUSDT,trendrsi
1618577700545,2.06540554499887,2.065302698990452,0.00813328699856726,72.13278166451039,2.1081,2.0986,2.122739916597421,2.098340055601719,ONTUSDT,trendrsi
1618577700719,29.95050750124132,30.35878919492612,0.16793702383853215,67.2109485853361,30.9827,30.8444,31.28498664290936,30.781175571393764,ETCUSDT,trendrsi
FLMUSDT False
SNXUSDT False
1618577820176,29.999772559613533,30.370436307584377,0.17395795781064805,67.75272126110424,31.1185,30.8511,31.431624324059168,30.90975045062722,ETCUSDT,trendrsi
1618577820223,2.2926928592809745,2.3061209727404632,0.009312276601398266,69.62807133316096,2.3482,2.3358,2.3649620978825165,2.337025268078322,IOTAUSDT,trendrsi
ETCUSDT False
1618577940177,2.294687424167324,2.3060888499439827,0.011110181540160078,70.09296964203904,2.3589,2.3392,2.3788983267722883,2.345567782151808,IOTAUSDT,trendrsi
IOTAUSDT True
1618578300110,0.17420315215325927,0.16848978547633764,0.0015835156070977514,67.36829731600686,0.178737,0.176896,0.18158732809277595,0.1768367812714827,ANKRUSDT,trendrsi
1618578480482,1.0046878924537337,1.0127194258192325,0.005139967996759039,71.53982103623278,1.0268,1.0146,1.0360519423941663,1.0206320384038892,FLMUSDT,trendrsi
ANKRUSDT True
1618578600391,2.312584720196636,2.3072092804401203,0.016352599346347193,67.2385688097755,2.385,2.3736,2.4144346788234246,2.365376880784383,IOTAUSDT,trendrsi
1618578600231,245.6116513326092,244.60631410363416,0.5339572328341573,66.50801900295126,246.67,246.14,247.63112301910147,246.029251320599,ZECUSDT,trendrsi
1618578600181,590.607506466536,577.4963637848603,2.383820639285905,68.92901952562931,597.23,594.84,601.5208771507147,594.3694152328569,COMPUSDT,trendrsi
1618578660173,30.272504764078555,30.430034016211113,0.20823151036124488,71.2557211474609,31.2933,30.9839,31.66811671865024,31.043422187566506,ETCUSDT,trendrsi
IOTAUSDT False
FLMUSDT False
1618578900074,0.42504900496577314,0.4213094471386768,0.0014670946092772822,71.19685531065976,0.42374,0.4225,0.42638077029669913,0.4219794864688673,MATICUSDT,trendrsi
1618578900266,2.0810389125517528,2.066522638665222,0.007938394619561421,70.47517968066916,2.1013,2.0924,2.1155891103152107,2.0917739264565265,ONTUSDT,trendrsi
1618579020054,2.08353347362157,2.066469564952316,0.008032961082209848,66.23051823642442,2.0995,2.098,2.1139593299479777,2.089860446701348,ONTUSDT,trendrsi
MATICUSDT False
ONTUSDT False
1618579140219,592.9590001354377,578.8589675824339,4.043346986610818,69.34263979723447,609.26,601.73,616.5380245758995,604.407983616067,COMPUSDT,trendrsi
COMPUSDT False
1618579563154,27.892499936621427,27.98172679982714,0.08242516948206158,76.04574528581688,28.082,27.935,28.23036530506771,27.983089796621528,UMAUSDT,trendrsi
1618579620025,30.7751148288906,30.49709987687399,0.241216822067835,65.62083989023742,31.7811,31.3868,32.215290279722105,31.491639813518596,ETCUSDT,trendrsi
1618579680086,0.17739383787112842,0.1697724815470571,0.0015854063297108974,69.64799389632164,0.183553,0.180403,0.1864067313934796,0.18165051240434693,ANKRUSDT,trendrsi
ETCUSDT True
1618579860123,30.90202820382089,30.501257126011637,0.22852498887444245,73.66295300180099,32.2699,31.682,32.681244979974,31.99567001335067,ETCUSDT,trendrsi
1618579860050,0.422002473467626,0.42110378197197507,0.0014864569507559487,66.89750902396747,0.42401,0.42236,0.4266856225113607,0.42222625165909283,MATICUSDT,trendrsi
1618579920207,0.1780940220260645,0.17001374926255758,0.0017837395528367793,70.68705961469438,0.185627,0.183555,0.1888377311951062,0.18348651253659584,ANKRUSDT,trendrsi
1618579921130,1.0641023203777613,1.0567620443669372,0.0021366295844436004,65.11288349385131,1.06902,1.06653,1.0728659332519985,1.0664560444986677,RENUSDT,trendrsi
1618579920567,331.8559199570074,330.8840213263211,0.8467572722593155,65.21628321930373,332.41,331.54,333.9341630900668,331.39389127328883,DASHUSDT,trendrsi
1618579924367,245.69183809462865,244.50143034549245,0.31579809087390265,65.24374884334318,245.85,245.05,246.418436563573,245.47104229095132,ZECUSDT,trendrsi
UMAUSDT True
1618579984542,85.84402383649962,85.67640705408314,0.4386610236954627,66.54471131919017,86.089,85.985,86.87858984265183,85.56260677156544,XVSUSDT,trendrsi
1618580040510,3328.0119894779796,3351.22268080553,10.932050240559414,72.90206392716142,3356.04,3346.2,3375.7176904330067,3342.9215397113285,MKRUSDT,trendrsi
1618580043447,245.6193543876753,244.47234979636352,0.3275866735982723,65.43149841466129,245.89,245.81,246.47965601247688,245.49689599168207,ZECUSDT,trendrsi
1618580160047,31.098939553344536,30.513525728003312,0.24691670622867212,66.68196476686046,32.3161,32.1693,32.76055007121161,32.019799952525595,ETCUSDT,trendrsi
ETCUSDT True
1618580280049,0.17951281380510095,0.17041006208451007,0.0023598985509649707,71.80993782851066,0.190795,0.188036,0.19504281739173693,0.18796312173884203,ANKRUSDT,trendrsi
1618580282733,85.84832155264701,85.64614451071631,0.36620690703644393,66.22474892799605,86.174,85.932,86.8331724326656,85.73455171155628,XVSUSDT,trendrsi
ANKRUSDT False
XVSUSDT False
1618580761695,0.181347161559128,0.17095577998263653,0.0029772859187768034,68.33122536068254,0.194752,0.191245,0.20011111465379824,0.19117925689746784,ANKRUSDT,trendrsi
ANKRUSDT False
1618621980842,3.9917140320884617,3.960060738276475,0.01687644712053642,65.02469658449277,4.083,4.077,4.113377604816966,4.062748263455356,CRVUSDT,trendrsi
1618622040249,39.230096940433626,38.73551524649843,0.1990631551298544,68.31528341944102,39.7527,39.5845,40.111013679233736,39.513824213844174,ETCUSDT,trendrsi
1618622160127,3470.3083806226605,3443.5689470828356,10.39348230387011,74.60125987498127,3521.24,3494.49,3539.948268146966,3508.7678212353558,MKRUSDT,trendrsi
1618622160565,130.0520630175417,122.06246537640655,1.3898150858051737,66.3524118477456,136.675,135.977,139.17666715444932,135.00722189703382,ZENUSDT,trendrsi
1618622162083,4.002541769560597,3.9599784239125784,0.017785793545908368,71.28754853388816,4.104,4.083,4.136014428382635,4.0826570477449105,CRVUSDT,trendrsi
1618622285474,3473.2570936509164,3443.5858977200915,12.21429630702486,68.14129263362202,3520.48,3510.07,3542.4657333526447,3505.82284443157,MKRUSDT,trendrsi
1618622402561,4.017611513766492,3.95954012018168,0.019775285513787974,66.49001490275802,4.111,4.097,4.146595513924818,4.087269657383454,CRVUSDT,trendrsi
1618622580126,131.3672934109996,122.71186657042087,1.2259307597520088,67.8647135834527,138.098,137.383,140.30467536755364,136.6268830882976,ZENUSDT,trendrsi
1618622702160,1.2553022290807567,1.267235588168148,0.004768096550190022,78.36476451998001,1.27025,1.26514,1.278832573790342,1.264528284139772,MANAUSDT,trendrsi
1618623481920,0.03959224867392831,0.039941049576165275,0.00014821921162411607,79.42068974771259,0.04025,0.03973,0.04051679458092341,0.040072136946051065,COSUSDT,trendrsi
1618623540215,39.43501563973298,38.79909358346934,0.2917392967634942,69.95403556057738,40.6695,40.5133,41.19463073417429,40.3194128438838,ETCUSDT,trendrsi
1618623900158,39.61864977446335,38.85195134910444,0.3190700822909297,68.2580590534132,41.2466,40.7778,41.820926148123675,40.863715901250885,ETCUSDT,trendrsi
1618624080192,4.108178423316935,3.9740851072974723,0.01680695040384405,66.07786488275721,4.196,4.176,4.226252510726919,4.175831659515387,CRVUSDT,trendrsi
1618624200406,4.115571650454699,3.975989614150379,0.016984496125453136,70.29913548125981,4.22,4.187,4.2505720930258155,4.199618604649456,CRVUSDT,trendrsi
1618624320774,3505.17804101989,3442.9205898648106,6.7219508981134135,65.15934658168945,3529.46,3512.05,3541.559511616604,3521.393658922264,MKRUSDT,trendrsi
1618624620387,1.0706009378975845,1.0615258317650156,0.004365775741300229,68.39424598288709,1.0755,1.0713,1.0833583963343403,1.0702610691104397,FLMUSDT,trendrsi
1618626183867,134.71012921818155,128.2773334074698,1.2302599963875647,66.38015508614194,136.336,135.753,138.55046799349762,134.85968800433494,ZENUSDT,trendrsi
1618626183195,1.0719941897055376,1.0655325049396163,0.005883231110941259,67.44598027451852,1.0968,1.0874,1.1073898159996942,1.0897401226668706,FLMUSDT,trendrsi
1618626360957,134.71606941881163,128.58630434005423,1.2759796254393256,65.17325786069938,136.458,136.381,138.75476332579078,134.9268244494728,ZENUSDT,trendrsi
1618626420888,1.2727150290043319,1.2710617833836935,0.002362564255329371,68.8820891023625,1.27795,1.27341,1.2822026156595927,1.2751149228936047,MANAUSDT,trendrsi
1618626420819,276.95823874865255,273.0286414830403,0.7181348882286418,65.12361758048075,279.45,279.23,280.7426427988115,278.5882381341256,ZECUSDT,trendrsi
1618626540164,43.29148017716193,39.89898999647925,0.5357463787172594,65.17567234462737,44.9181,44.6901,45.88244348169107,44.275204345539294,ETCUSDT,trendrsi
1618626540834,4.203653861622805,4.019885776503467,0.020381220500364502,68.84864735798683,4.256,4.219,4.2926861969006564,4.231542535399563,CRVUSDT,trendrsi
1618626603337,0.17900107361210588,0.17582917977876839,0.0007761168457618813,68.3467595365936,0.18043,0.17988,0.1818270103223714,0.17949865978508575,JSTUSDT,trendrsi
1618626721543,3527.566562938887,3447.5881846618836,13.344120409011186,72.2454657908745,3572.6,3552.0,3596.61941673622,3556.5870555091865,MKRUSDT,trendrsi
1618626727176,1.2728914412395218,1.2717231878307431,0.002735119948029674,68.23021807327956,1.27893,1.27748,1.2838532159064533,1.2756478560623643,MANAUSDT,trendrsi
1618626784823,0.6449129212021596,0.6343327752535999,0.0027009557699459643,66.2751145584543,0.6547,0.6533,0.6595617203859027,0.6514588530760648,UTKUSDT,trendrsi
1618626840031,43.78498078634168,40.04196356593982,0.5580020144818081,66.20437069292377,45.6541,44.9494,46.65850362606725,44.98449758262183,ETCUSDT,trendrsi
1618626900013,0.1859865594610206,0.18357561456126506,0.0008655412985745178,66.18537060003533,0.190735,0.190116,0.1922929743374341,0.18969635044171057,ANKRUSDT,trendrsi
1618626904846,0.11250444571563126,0.11148180885049619,0.0003164023527116663,66.37209128861831,0.11225,0.11185,0.11281952423488101,0.111870317176746,RSRUSDT,trendrsi
1618626961823,10.035938018027405,10.031800554476899,0.022565320295892068,67.99599757625441,10.0423,10.0144,10.082917576532605,10.01522161564493,OMGUSDT,trendrsi
1618626960590,379.18350869549056,379.53876100415744,0.8411091747010531,73.87565747321182,380.96,379.16,382.4739965144619,379.95066899035874,DASHUSDT,trendrsi
1618627021324,18.15103853625844,18.264616177946348,0.06658591897443597,70.7763084270445,18.305,18.272,18.424854654153986,18.225096897230678,QTUMUSDT,trendrsi
1618627200247,82.28933031201217,83.29480231287293,0.32950185928961334,81.48690838190916,83.314,83.146,83.9071033467213,82.91859776885245,XVSUSDT,trendrsi
1618627320198,379.2315395375083,379.397207008343,0.9623553801132572,67.92592948846287,381.68,380.82,383.4122396842039,380.52517354386407,DASHUSDT,trendrsi
1618627320382,0.432596891086795,0.431313832444723,0.001070318412124235,72.32969553188522,0.43437,0.43288,0.4362965731418236,0.4330856179054509,MATICUSDT,trendrsi
1618627320427,277.85790601109215,273.6966890627592,0.769157954071934,66.63520828844838,279.75,279.14,281.1344843173295,278.8270104551137,ZECUSDT,trendrsi
1618627323568,67.49723268919006,67.68678580715851,0.12501312706381973,79.29829915228287,68.115,67.571,68.34002362871487,67.96498424752342,WNXMUSDT,trendrsi
1618627381217,7.502982280627272,7.3365991567698,0.021233092554057777,70.94300682303162,7.5408,7.4966,7.579019566597304,7.515320288935131,XTZUSDT,trendrsi
1618627500069,1134.3586421480582,1116.950913063402,3.964759039156684,69.55645546359419,1138.0,1130.61,1145.136566270482,1133.242289153012,BCHUSDT,trendrsi
1618627502503,1.2732879276807365,1.271604036094138,0.0023176648100846006,67.47360731542366,1.28317,1.28229,1.2873417966581522,1.2803888022278984,MANAUSDT,trendrsi
1618627560063,4.217389015613942,4.04439562727087,0.018429816311292507,66.67344983304463,4.259,4.242,4.292173669360327,4.236884220426449,CRVUSDT,trendrsi
1618627561702,1.0841527734160272,1.068228063539516,0.004132308328021937,68.30676021949166,1.0975,1.09,1.1049381549904393,1.0925412300063735,FLMUSDT,trendrsi
1618627561213,0.039851242178269665,0.03978683101863526,0.0001545428096744626,69.073932360475,0.04,0.0399,0.04027817705741403,0.03981454862839064,COSUSDT,trendrsi
1618627567514,14.099868666927895,13.202966708240524,0.07783117624645271,65.37164731711766,14.402,14.345,14.542096117243615,14.308602588504256,FIROUSDT,trendrsi
1618627620035,0.05471362573519239,0.050163238530870125,0.0007115295210625551,66.15508934377598,0.055589,0.054481,0.0568697531379126,0.05473516457472493,SCUSDT,trendrsi
1618627680804,1.0851499584762876,1.068483060445678,0.004596005194143523,65.31919517886212,1.0991,1.0948,1.1073728093494584,1.0935847937670278,FLMUSDT,trendrsi
1618627741973,14.139767052216605,13.221441494635856,0.059711153543871465,67.13767120067035,14.429,14.422,14.536480076378968,14.357346615747355,FIROUSDT,trendrsi
1618627800039,3542.032715259598,3459.782975422013,12.359982294311866,69.02086629062583,3587.11,3569.46,3609.3579681297615,3572.278021246826,MKRUSDT,trendrsi
1618627806113,0.17900076304694595,0.1767444690832721,0.0004978222992954715,69.08619299387988,0.18047,0.17995,0.18136608013873184,0.1798726132408454,JSTUSDT,trendrsi
1618627980015,0.054931550525917215,0.05069608046164428,0.0007457291562544539,65.91292417081249,0.056099,0.0555,0.05744131248125802,0.05520412501249466,SCUSDT,trendrsi
1618627981348,3545.60326756654,3462.156388265274,13.610942946135665,68.04496288664745,3594.91,3579.29,3619.409697303044,3578.576868464637,MKRUSDT,trendrsi
1618627980159,378.9195400734697,379.03969857564846,0.8441633590180574,66.63935012016063,382.53,381.38,384.0494940462325,381.5170039691783,DASHUSDT,trendrsi
1618627980035,21.63769528106684,21.333791860498085,0.04708429402794655,66.0208132250564,21.764,21.71,21.848751729250303,21.707498847166462,SNXUSDT,trendrsi
1618627980272,14.187550773828278,13.247441861416707,0.07904284859789289,68.26675571576587,14.52,14.433,14.662277127476207,14.425148581682528,FIROUSDT,trendrsi
1618627982768,0.11231110274392452,0.11176038216562717,0.0002189672865950592,66.22648682867074,0.11302,0.11288,0.1134141411158711,0.11275723925608593,RSRUSDT,trendrsi
1618628040408,578.729616679276,570.7708524750874,1.2642683450895484,66.19393427758092,580.59,580.36,582.8656830211612,579.0728779858925,COMPUSDT,trendrsi
1618628040349,18.249567649798422,18.189698169447606,0.07427463983859711,74.18364326152933,18.56,18.494,18.693694351709475,18.47087043219368,QTUMUSDT,trendrsi
1618628040148,0.17916071011410453,0.1769520859880042,0.0005221014616527748,67.77070657895116,0.18087,0.18063,0.181809782630975,0.18024347824601666,JSTUSDT,trendrsi
1618628041257,1.2098168259811972,1.189395236181226,0.0029733269330359533,67.36678098034615,1.2097,1.20711,1.2150519884794646,1.2061320076803568,RENUSDT,trendrsi
1618628100256,378.88239997767346,378.93181068393676,0.782765127288156,66.86239524709724,383.07,381.9,384.4789772291187,382.1306818472542,DASHUSDT,trendrsi
1618628100604,1.0900147782014216,1.0698116881863258,0.005825210829856991,67.29384381365762,1.11,1.0982,1.1204853794937426,1.1030097470041718,FLMUSDT,trendrsi
1618628100412,2.4452395524592303,2.3708948422278073,0.00897701269346488,68.10313446122355,2.4584,2.4518,2.474558622848237,2.4476275847678424,ONTUSDT,trendrsi
1618628102492,82.43654902057621,83.16601641748149,0.25472796171615886,67.60119402127897,83.408,82.894,83.86651033108909,83.1023264459406,XVSUSDT,trendrsi
1618628104551,14.208438751637754,13.260868564260115,0.07744039484052828,69.09202355081348,14.585,14.486,14.724392710712952,14.492071526191367,FIROUSDT,trendrsi
1618628160242,0.03980723787651209,0.03976589881001631,0.00014003299293137344,65.95686377101505,0.04002,0.03998,0.040272059387276474,0.03985196040848235,COSUSDT,trendrsi
1618628167515,67.57556790898131,67.6944749141643,0.12332803901837483,66.51591042260347,68.161,68.053,68.38299047023308,68.01300635317796,WNXMUSDT,trendrsi
1618628220139,0.17934772656542627,0.17712168904662323,0.0005638225952698931,66.92825392651503,0.18119,0.18103,0.1822048806714858,0.18051341288567613,JSTUSDT,trendrsi
1618628222116,28.72123249242017,28.809384284738826,0.06077503193734256,67.27157921443325,28.821,28.764,28.930395057487218,28.748069961675192,UMAUSDT,trendrsi
JSTUSDT True
UMAUSDT False
1618628340023,0.0547214411194127,0.05125016666603562,0.0007828018488747861,66.99721671389364,0.056559,0.05615,0.05796804332797462,0.055619637781350255,SCUSDT,trendrsi
1618628340078,379.04000672300697,378.750791059717,0.7825092406465479,65.24245138880522,383.44,382.79,384.8485166331638,382.5009889112241,DASHUSDT,trendrsi
1618628341936,0.43296068596844367,0.43274127886587654,0.0009852667603831994,66.55245178553068,0.43777,0.43482,0.43954348016868977,0.43658767988754016,MATICUSDT,trendrsi
1618628401349,578.9036188861052,571.229712224766,1.2701566186023232,77.3496896272399,583.88,580.9,586.1662819134842,582.3558120576772,COMPUSDT,trendrsi
COMPUSDT True
1618628405987,28.71315283030819,28.800029708717364,0.085949391069508,65.88160404653974,28.902,28.858,29.056708903925117,28.79886073071659,UMAUSDT,trendrsi
1618628403376,0.11225535226207316,0.11185388695823989,0.00022032251296692074,65.37027681036645,0.11312,0.11304,0.11351658052334046,0.11285561298443969,RSRUSDT,trendrsi
WNXMUSDT True
MATICUSDT False
1618628460160,4.2365011829165375,4.0659499555497955,0.025472058988685837,71.87306044760112,4.328,4.292,4.373849706179635,4.297433529213578,CRVUSDT,trendrsi
1618628461386,7.514122657202633,7.357891162293474,0.021399108334410985,68.64079303592817,7.5896,7.5699,7.628118395001939,7.563921069998707,XTZUSDT,trendrsi
1618628467514,67.57850182724187,67.69875362423494,0.0521753859335543,76.01932385935814,68.395,68.17,68.4889156946804,68.33238953687973,WNXMUSDT,trendrsi
1618628520602,82.49625328162374,83.1106720413528,0.2187025237001688,66.58435456755447,83.546,83.428,83.93966454266031,83.2835569715598,XVSUSDT,trendrsi
RSRUSDT False
WNXMUSDT False
COSUSDT True
1618628760544,0.039777554571462787,0.03974706365998429,0.00013015284344366755,66.68873651150099,0.04013,0.04,0.0403642751181986,0.0399738165878676,COSUSDT,trendrsi
1618628762769,82.54977054895903,83.08475875122822,0.22789949003787716,68.70807071604983,83.701,83.477,84.11121908206817,83.42752061195453,XVSUSDT,trendrsi
1618628822129,0.650364192200239,0.6371537508674803,0.0025708293988907166,70.60142485992718,0.6557,0.655,0.6603274929180032,0.652615004721331,UTKUSDT,trendrsi
UMAUSDT False
1618629127529,0.6511722518035192,0.6377025902179677,0.002632932331203237,65.37599360071833,0.6552,0.6549,0.6599392781961658,0.6520404812025561,UTKUSDT,trendrsi
1618629182071,134.89389003602105,132.02691803112677,0.8209506222781331,65.69972775834613,135.5,134.801,136.97771112010065,134.51485925326625,ZENUSDT,trendrsi
XVSUSDT True
1618629240130,82.85018045561159,83.04958830651893,0.20393394622992508,70.67958566453257,83.875,83.693,84.24208110321386,83.63027926452409,XVSUSDT,trendrsi
1618629300177,0.19076727846003336,0.1837640407842635,0.000815810754818707,68.8150819614345,0.192587,0.191967,0.1940554593586737,0.19160802709421756,ANKRUSDT,trendrsi
1618629300291,0.03980415159232113,0.03973571160723734,0.00017153360683655548,65.97110105826424,0.04018,0.04007,0.0404887604923058,0.039974159671796135,COSUSDT,trendrsi
1618629302398,134.8252182733003,132.11188525695928,0.8185390625753541,66.16812235842701,135.713,135.473,137.18637031263563,134.73075312490957,ZENUSDT,trendrsi
XVSUSDT True
1618629360701,1.2777274014386582,1.2678724194226545,0.003439552612575332,66.20316499724498,1.28194,1.2795,1.2881311947026357,1.2778125368649096,MANAUSDT,trendrsi
ZENUSDT True
1618629420619,134.74308368982486,132.2143944833017,0.8882778443980605,69.11438813780785,136.186,135.633,137.78490011991653,135.12006658672234,ZENUSDT,trendrsi
COSUSDT False
1618629480427,0.039835274443873435,0.039735654367415024,0.0001807733068951367,66.2538407813025,0.04023,0.04011,0.04055539195241125,0.04001307203172584,COSUSDT,trendrsi
ANKRUSDT True
1618629720124,134.65617782160308,132.53816388984148,0.8554071998831342,68.83944292230386,136.534,136.481,138.07373295978962,135.50751136014023,ZENUSDT,trendrsi
MANAUSDT False
1618629840409,14.565933612270506,13.496864716542236,0.057436753686129036,71.63817364871595,15.032,14.952,15.135386156635033,14.963075895576646,FIROUSDT,trendrsi
1618630080434,0.1812956250643611,0.1795232463746952,0.0009803001630720163,67.2978387969174,0.18426,0.18299,0.18602454029352963,0.18308363980431358,JSTUSDT,trendrsi

ONEUSDT True
